0.25687499999999996
0.28571841453344343
0.434013698630137
0.49065346534653465
0.448127147766323
0.4342021747885622
0.559004329004329
0.41336254728877675
0.49244847020933974
0.2187132980886539
0.35325574712643676
0.26655580110497235
0.27156308758040576
0.3296845168800931
0.3735857519788918
0.42023496503496505
0.22413333333333332
0.3765958429561201
0.2474044117647059
0.4977380457380458
0.26010195035461
0.320870236869207
0.3135066296638915
0.38187445319335084
0.238976489663559
0.34757436918990703
0.5108571428571429
0.3531931166347992
0.4586190476190477
0.5311316666666667
0.7196536885245901
0.34251919866444075
0.1313731343283582
0.13472262773722626
0.3087417452830189
0.3325172413793103
0.4543230625583567
0.6398863070539419
0.37170903190914006
0.4757120141342757
0.4103737680060652
0.3852826446280992
0.09341836734693877
0.2459312557286893
...
