164703
244434
433939
392700
398795
332125
269468
235722
317192
228467
239687
424203
428046
321447
456545
432900
489528
402083
362747
381169
437192
436479
489122
614767
429215
262443
216405
279828
258454
234505
257582
248693
306237
316509
231449
263251
251785
244091
218114
254493
242333
335891
205178
255711
323987
386628
274812
276944
265654
258742
313924
294820
288966
357082
341867
415563
374164
437630
451225
329864
457963
430542
423522
421952
335845
493586
670987
497220
408360
278420
191100
436580
430138
325212
317718
287703
405223
255244
261392
281141
228128
237328
234891
382176
250662
256031
320765
258451
284934
276604
253442
377903
219597
289325
244389
279705
257036
304763
253520
285680
283350
285038
415583
450784
540520
420248
403620
527369
624487
477367
500711
587586
485703
496344
432472
446760
517468
519171
345795
325924
266918
277946
434748
260148
335861
